# Temperature, K	# Time, s	Channel 1: R8, Ohms	Channel 2: R7, Ohms	Channel 3: R2, Ohms	Channel 4: R3, Ohms	Channel 5: R5, Ohms	Channel 6: R6, Ohms	Channel 7: R11, Ohms	Channel 8: R12, Ohms	Channel 9: ROX, Ohms
9.657844184231166196e+00	1.629570635014015436e+09	5.486947058823528778e+02	5.435794558823529314e+02	5.427211617647059029e+03	5.933678676470587561e+03	2.585050147058823768e+03	1.447605882352941080e+03	1.743646470588235185e+06	1.674954558823529398e+06	1.389603088235293853e+03
1.080468380966201281e+01	1.629568114367592096e+09	5.469443478260870961e+02	5.414866521739130576e+02	5.368234782608696150e+03	5.816077391304347657e+03	2.560904782608695768e+03	1.436989565217391373e+03	1.745104782608695561e+06	1.676253043478260981e+06	1.369172608695652116e+03
1.222850856836092603e+01	1.629567257004321814e+09	5.442474999999999454e+02	5.384922500000000127e+02	5.353132499999999709e+03	5.756890000000000327e+03	2.537181249999999636e+03	1.430177500000000009e+03	1.745576250000000000e+06	1.677026250000000000e+06	1.345067500000000109e+03
1.346923490363592713e+01	1.629566952581398249e+09	5.422633333333333212e+02	5.363086666666666815e+02	5.348813333333332594e+03	5.732333333333333030e+03	2.521010000000000218e+03	1.425683333333333394e+03	1.746096666666666744e+06	1.677430000000000000e+06	1.329186666666666724e+03
1.476796413152564647e+01	1.629566786527209282e+09	5.399466666666667152e+02	5.344303333333333512e+02	5.345610000000000582e+03	5.717310000000000400e+03	2.507683333333333394e+03	1.417063333333333276e+03	1.745963333333333256e+06	1.677313333333333256e+06	1.316076666666666597e+03
1.638290089248031123e+01	1.629658840523834467e+09	5.337433333333333394e+02	5.312423333333332494e+02	5.643683333333333394e+03	5.676669999999999163e+03	2.484616666666666788e+03	1.410566666666666833e+03	1.749230000000000000e+06	1.680506666666666744e+06	1.289726666666666688e+03
1.740989522708011350e+01	1.629566565609275103e+09	5.353200000000000500e+02	5.311570000000000391e+02	5.342789999999999964e+03	5.695539999999999964e+03	2.485280000000000200e+03	1.407910000000000082e+03	1.745720000000000000e+06	1.677080000000000000e+06	1.292990000000000009e+03
1.872972753138509461e+01	1.629566482257752895e+09	5.325099999999999909e+02	5.295854999999999109e+02	5.341050000000000182e+03	5.686764999999999418e+03	2.476110000000000127e+03	1.405164999999999964e+03	1.745770000000000000e+06	1.677210000000000000e+06	1.283974999999999909e+03
2.011001185148373693e+01	1.629566399405113935e+09	5.307699999999999818e+02	5.283369999999999891e+02	5.339630000000000109e+03	5.677710000000000036e+03	2.468369999999999891e+03	1.402339999999999918e+03	1.746060000000000000e+06	1.677460000000000000e+06	1.273380000000000109e+03
2.132958898185655983e+01	1.629704812109728336e+09	5.280650000000000546e+02	5.268150000000000546e+02	5.520840000000000146e+03	5.628164999999999964e+03	2.455649999999999636e+03	1.403895000000000209e+03	1.750870000000000000e+06	1.682030000000000000e+06	1.253684999999999945e+03
2.256911024289680157e+01	1.629566261144396305e+09	5.292599999999999909e+02	5.261784999999999854e+02	5.337579999999999927e+03	5.663359999999999673e+03	2.455960000000000036e+03	1.398779999999999973e+03	1.746260000000000000e+06	1.677630000000000000e+06	1.254785000000000309e+03
2.404444221795363390e+01	1.629566177909184694e+09	5.292799999999999727e+02	5.247740000000000009e+02	5.337409999999999854e+03	5.654140000000000327e+03	2.449190000000000055e+03	1.397049999999999955e+03	1.746450000000000000e+06	1.677800000000000000e+06	1.244960000000000036e+03
2.521488059474873467e+01	1.629704728623136997e+09	5.301400000000001000e+02	5.244970000000000709e+02	5.471500000000000000e+03	5.604194999999999709e+03	2.443409999999999854e+03	1.400410000000000082e+03	1.750830000000000000e+06	1.681955000000000000e+06	1.234250000000000000e+03
2.652348478606946713e+01	1.629566039527563334e+09	5.288050000000000637e+02	5.232119999999999891e+02	5.334709999999999127e+03	5.639569999999999709e+03	2.440670000000000073e+03	1.394450000000000273e+03	1.746415000000000000e+06	1.677710000000000000e+06	1.230164999999999964e+03
2.821231216889741233e+01	1.629704673341859818e+09	5.290199999999999818e+02	5.229239999999999782e+02	5.449534999999999854e+03	5.586815000000000509e+03	2.435440000000000055e+03	1.398835000000000036e+03	1.750570000000000000e+06	1.681715000000000000e+06	1.220934999999999945e+03
2.934459308427892665e+01	1.629565873729964733e+09	5.257549999999999955e+02	5.214204999999999472e+02	5.332435000000000400e+03	5.622494999999999891e+03	2.432055000000000291e+03	1.392545000000000073e+03	1.746110000000000000e+06	1.677500000000000000e+06	1.214569999999999936e+03
3.074074837282609707e+01	1.629704617787020683e+09	5.271749999999999545e+02	5.217400000000000091e+02	5.436614999999999782e+03	5.571719999999999345e+03	2.429779999999999745e+03	1.397644999999999982e+03	1.750315000000000000e+06	1.681445000000000000e+06	1.210065000000000055e+03
3.193101242340666346e+01	1.629565707228405952e+09	5.249600000000000364e+02	5.198215000000000146e+02	5.330034999999999854e+03	5.605600000000000364e+03	2.425925000000000182e+03	1.391389999999999873e+03	1.745860000000000000e+06	1.677285000000000000e+06	1.201440000000000055e+03
3.294881304661207366e+01	1.629704561986371994e+09	5.257500000000000000e+02	5.206530000000000200e+02	5.426909999999999854e+03	5.557844999999999345e+03	2.425505000000000109e+03	1.397054999999999836e+03	1.749750000000000000e+06	1.681090000000000000e+06	1.200130000000000109e+03
3.432808558078784245e+01	1.629658212443045855e+09	5.254033333333333076e+02	5.196819999999999027e+02	5.388793333333333976e+03	5.561380000000000109e+03	2.422526666666666642e+03	1.394813333333333503e+03	1.748446666666666744e+06	1.679803333333333256e+06	1.193986666666666679e+03
3.574840931749795203e+01	1.629658157024188995e+09	5.244800000000000182e+02	5.190726666666666915e+02	5.384600000000000364e+03	5.551326666666666824e+03	2.419956666666666479e+03	1.394403333333333421e+03	1.748526666666666744e+06	1.679556666666666744e+06	1.188316666666666606e+03
3.721011002414905278e+01	1.629750938322075605e+09	5.255033333333333303e+02	5.194823333333332585e+02	5.433580000000000837e+03	5.515463333333333139e+03	2.418880000000000564e+03	1.398020000000000209e+03	1.750703333333333256e+06	1.681398333333333256e+06	1.187303333333333285e+03
3.839977765791776676e+01	1.629813095880333185e+09	5.282277777777777601e+02	5.195258888888889715e+02	5.454836666666666133e+03	5.482627777777778647e+03	2.417396666666666533e+03	1.397471111111110986e+03	1.750451111111111008e+06	1.681383333333333256e+06	1.185504444444444516e+03
3.955994754800421020e+01	1.629782416394380569e+09	5.257722222222223536e+02	5.188971111111110304e+02	5.427912222222222226e+03	5.480022222222222808e+03	2.415262222222222135e+03	1.392557777777777801e+03	1.746546666666666744e+06	1.677706666666666744e+06	1.179874444444444407e+03
4.063974453975756518e+01	1.629658265920095205e+09	5.234566666666665924e+02	5.171353333333332785e+02	5.363876666666667006e+03	5.507093333333333248e+03	2.412276666666667097e+03	1.390763333333333321e+03	1.745400000000000000e+06	1.676593333333333256e+06	1.168343333333333476e+03
4.205863276059015732e+01	1.629564932220473766e+09	5.212899999999999636e+02	5.155085000000000264e+02	5.318229999999999563e+03	5.520739999999999782e+03	2.409565000000000055e+03	1.389059999999999945e+03	1.745550000000000000e+06	1.676855000000000000e+06	1.159690000000000055e+03
4.340978699670176155e+01	1.629658136596167803e+09	5.240933333333333621e+02	5.164786666666667543e+02	5.358233333333333576e+03	5.491020000000000437e+03	2.410243333333333339e+03	1.390516666666666652e+03	1.744906666666666744e+06	1.676060000000000000e+06	1.160276666666666642e+03
4.491322708624554139e+01	1.629564683275985479e+09	5.201866666666666106e+02	5.147656666666666752e+02	5.315480000000000473e+03	5.495939999999999600e+03	2.406379999999999654e+03	1.390196666666666715e+03	1.745070000000000000e+06	1.676300000000000000e+06	1.150449999999999818e+03
4.631924381073701369e+01	1.629657970297223806e+09	5.219966666666666697e+02	5.158313333333334185e+02	5.353679999999999382e+03	5.472716666666667152e+03	2.408116666666666788e+03	1.390269999999999754e+03	1.744260000000000000e+06	1.675376666666666744e+06	1.152240000000000009e+03
4.769218939055159012e+01	1.629564433904826641e+09	5.177999999999999545e+02	5.141005000000000109e+02	5.312215000000000146e+03	5.474880000000000109e+03	2.404519999999999982e+03	1.389130000000000109e+03	1.745065000000000000e+06	1.676220000000000000e+06	1.142539999999999964e+03
4.878338498011581947e+01	1.629657841019566536e+09	5.194900000000001228e+02	5.154026666666666188e+02	5.350410000000000764e+03	5.459483333333333576e+03	2.406303333333333285e+03	1.391279999999999973e+03	1.744276666666666744e+06	1.675406666666666744e+06	1.146666666666666742e+03
5.011552750677759605e+01	1.629564212509557247e+09	5.194600000000000364e+02	5.135180000000000291e+02	5.310270000000000437e+03	5.457310000000000400e+03	2.402460000000000036e+03	1.392115000000000236e+03	1.744640000000000000e+06	1.675815000000000000e+06	1.136090000000000146e+03
5.121161836235509668e+01	1.629657712142530441e+09	5.219666666666665833e+02	5.148756666666666888e+02	5.347639999999999418e+03	5.447853333333333467e+03	2.405139999999999873e+03	1.392529999999999973e+03	1.743710000000000000e+06	1.674716666666666744e+06	1.141160000000000082e+03
5.251069151071143892e+01	1.629563991794668913e+09	5.222500000000000000e+02	5.131040000000000418e+02	5.307909999999999854e+03	5.442845000000000255e+03	2.401110000000000127e+03	1.389914999999999964e+03	1.743975000000000000e+06	1.674760000000000000e+06	1.130684999999999945e+03
5.387401612647539650e+01	1.629634136995325327e+09	5.195150000000001000e+02	5.141832499999999300e+02	5.334825000000000728e+03	5.435127499999999600e+03	2.403282500000000255e+03	1.393387500000000045e+03	1.743340000000000000e+06	1.674122500000000000e+06	1.133970000000000027e+03
5.533362436643365356e+01	1.629510156611281633e+09	5.263841935483870884e+02	5.177022709677420380e+02	5.297576645161289889e+03	5.356767935483871042e+03	2.403638580645161255e+03	1.387806129032258241e+03	1.723286580645161215e+06	1.653228967741935514e+06	1.118309354838709851e+03
5.658813990305065289e+01	1.629511130606375933e+09	5.260735365853659005e+02	5.173922439024390769e+02	5.296654756097560494e+03	5.355832073170731746e+03	2.402918902439023896e+03	1.387746707317073287e+03	1.723631097560975701e+06	1.653549268292682944e+06	1.116369756097561094e+03
5.794035695737213132e+01	1.629518900227848053e+09	5.255211475409836339e+02	5.170879836065574864e+02	5.298538688524590725e+03	5.356321803278689003e+03	2.402462131147541186e+03	1.387777868852459051e+03	1.724230655737704830e+06	1.654188196721311426e+06	1.115145901639344402e+03
5.924433095955301809e+01	1.629515911847722292e+09	5.252907142857142162e+02	5.168345535714286143e+02	5.296231785714286161e+03	5.353784642857142899e+03	2.401949999999999818e+03	1.387664821428571258e+03	1.724253750000000000e+06	1.654198214285714319e+06	1.113101071428571458e+03
6.051520550645093977e+01	1.629524273919410944e+09	5.250621153846154812e+02	5.166306538461539049e+02	5.298484423076923122e+03	5.354304615384616227e+03	2.401674807692307695e+03	1.387668653846153575e+03	1.724845769230769249e+06	1.654750576923076995e+06	1.112241153846153793e+03
6.181984187526828833e+01	1.629519543840616226e+09	5.246495555555555939e+02	5.163676222222222805e+02	5.296364222222222452e+03	5.351812666666665791e+03	2.401071777777777697e+03	1.387535555555555675e+03	1.724909111111111008e+06	1.654715333333333256e+06	1.110190888888888821e+03
6.312019201957517822e+01	1.629528811727904797e+09	5.242764285714285961e+02	5.161695476190476484e+02	5.299018809523809068e+03	5.352746904761904261e+03	2.400911428571428587e+03	1.387581904761904752e+03	1.725239523809523787e+06	1.655057142857142957e+06	1.109609047619047715e+03
6.446433577187011110e+01	1.629529989153648853e+09	5.241883333333333894e+02	5.159598809523808995e+02	5.298636666666666315e+03	5.351751666666667006e+03	2.400530238095238474e+03	1.387595238095238301e+03	1.725239047619047575e+06	1.655029285714285681e+06	1.108113571428571504e+03
6.576365059405445379e+01	1.629524820953538895e+09	5.242628205128205536e+02	5.158227948717948266e+02	5.295512307692307331e+03	5.348859999999998763e+03	2.400054871794872270e+03	1.387423846153846398e+03	1.724708717948717996e+06	1.654443076923076995e+06	1.106135384615384510e+03
6.705584701297044603e+01	1.629534106201918364e+09	5.234577499999999191e+02	5.156186749999999392e+02	5.298077500000000327e+03	5.349690000000000509e+03	2.399946249999999964e+03	1.387554000000000087e+03	1.724905750000000000e+06	1.654659500000000000e+06	1.105514000000000124e+03
6.839256981711578476e+01	1.629535383511017561e+09	5.234795000000000300e+02	5.154298000000001139e+02	5.298011000000000422e+03	5.348366500000000087e+03	2.399653499999999894e+03	1.387496499999999969e+03	1.724906750000000000e+06	1.654656750000000000e+06	1.104392499999999927e+03
6.969139019353889353e+01	1.629529585363887310e+09	5.247007894736840399e+02	5.153076842105264177e+02	5.295497631578947221e+03	5.345569999999999709e+03	2.398760789473683872e+03	1.387381842105263104e+03	1.724496315789473709e+06	1.654183947368421126e+06	1.102528421052631529e+03
7.100042791512225904e+01	1.629538916296514750e+09	5.233087499999999181e+02	5.151771999999999707e+02	5.297623499999999694e+03	5.346544500000000880e+03	2.398570999999999913e+03	1.387412250000000085e+03	1.724944500000000000e+06	1.654624500000000000e+06	1.101962749999999915e+03
7.232286531941706187e+01	1.629541312939705372e+09	5.228022499999999582e+02	5.149903749999999718e+02	5.297665750000000116e+03	5.345377000000000407e+03	2.398346000000000004e+03	1.387406000000000176e+03	1.724880750000000000e+06	1.654587750000000000e+06	1.101017749999999978e+03
7.361207823227557867e+01	1.629535228824004889e+09	5.235980487804878294e+02	5.148527804878049210e+02	5.294871707317072833e+03	5.342809024390244304e+03	2.397851463414634054e+03	1.387320731707317009e+03	1.724490975609756075e+06	1.654068780487804906e+06	1.099290487804878012e+03
7.492324310888150762e+01	1.629542999417222023e+09	5.228822222222223672e+02	5.146836000000000695e+02	5.297061555555555969e+03	5.343587777777777774e+03	2.397535555555555675e+03	1.387333111111111066e+03	1.724970444444444496e+06	1.654504222222222248e+06	1.098845111111111464e+03
7.622964309742704359e+01	1.629546296535183430e+09	5.228719565217390937e+02	5.146264347826086123e+02	5.296641304347826917e+03	5.342318913043478460e+03	2.397599130434782637e+03	1.387306521739130403e+03	1.725159130434782710e+06	1.654663478260869626e+06	1.097866956521739212e+03
7.751414703858955590e+01	1.629541515086406231e+09	5.226360784313725389e+02	5.144442941176470185e+02	5.294316666666667516e+03	5.340651372549020380e+03	2.397076666666667279e+03	1.387207058823529678e+03	1.725347647058823612e+06	1.654807254901960725e+06	1.096407647058823613e+03
7.882850224607885536e+01	1.629549417844001055e+09	5.226480701754385336e+02	5.143377192982455881e+02	5.295983157894737815e+03	5.341027368421052415e+03	2.396850000000000364e+03	1.387200175438596261e+03	1.725428771929824492e+06	1.654882982456140453e+06	1.096038421052631520e+03
8.013794338123206273e+01	1.629552715901905060e+09	5.219236507936509497e+02	5.141991587301587288e+02	5.295729841269840108e+03	5.339974126984126997e+03	2.396637777777777501e+03	1.387186666666666497e+03	1.724810476190476213e+06	1.654262857142857043e+06	1.095158253968253803e+03
8.145854523527901847e+01	1.629550981611594915e+09	5.221080519480519797e+02	5.140994155844155102e+02	5.294371688311688558e+03	5.338640519480519288e+03	2.396269220779221087e+03	1.387095974025974101e+03	1.723455974025974050e+06	1.652911298701298656e+06	1.093962337662337859e+03
8.272272228913610093e+01	1.629559286263442039e+09	5.217114117647058720e+02	5.139796588235293484e+02	5.295257882352942033e+03	5.338849411764706019e+03	2.396238823529412002e+03	1.387108705882352751e+03	1.722909882352941204e+06	1.652420000000000000e+06	1.093654705882353028e+03
8.361815513360789964e+01	1.629563931927790403e+09	5.214130769230770284e+02	5.138327307692308068e+02	5.297960384615385010e+03	5.341005769230770056e+03	2.395918076923077479e+03	1.387107692307692332e+03	1.722969615384615492e+06	1.652555769230769249e+06	1.093775000000000091e+03
8.544291208185197206e+01	1.629582347337888718e+09	5.199700000000000273e+02	5.129940000000000282e+02	5.319037500000000364e+03	5.359944999999999709e+03	2.393385000000000218e+03	1.386900000000000091e+03	1.726232500000000000e+06	1.656340000000000000e+06	1.098890000000000100e+03
8.670915956728664753e+01	1.629494340612284422e+09	5.222766666666666424e+02	5.127769999999999300e+02	5.296763333333333321e+03	5.348626666666667006e+03	2.390579999999999927e+03	1.386356666666666570e+03	1.721376666666666744e+06	1.651303333333333256e+06	1.091426666666666506e+03
8.788623609399334669e+01	1.629582111919137239e+09	5.214300000000000637e+02	5.127937500000000455e+02	5.319242499999999382e+03	5.358242500000000291e+03	2.393094999999999800e+03	1.386882499999999936e+03	1.726342500000000000e+06	1.656500000000000000e+06	1.097157500000000027e+03
8.916360792766350585e+01	1.629611350544821024e+09	5.194266666666666197e+02	5.126903333333333421e+02	5.325306666666666388e+03	5.361916666666666970e+03	2.393746666666666442e+03	1.387073333333333039e+03	1.727933333333333256e+06	1.658086666666666744e+06	1.098180000000000064e+03
9.050107906198732621e+01	1.629581932075027227e+09	5.189100000000000819e+02	5.124957499999999300e+02	5.318027500000000146e+03	5.358772500000000036e+03	2.392539999999999964e+03	1.386852499999999964e+03	1.726382500000000000e+06	1.656492500000000000e+06	1.095382499999999936e+03
9.202565014306719604e+01	1.629581821078537464e+09	5.192150000000000318e+02	5.123857499999999163e+02	5.317979999999999563e+03	5.357592499999999745e+03	2.391840000000000146e+03	1.386807499999999891e+03	1.726145000000000000e+06	1.656305000000000000e+06	1.094882499999999936e+03
9.320851422543302078e+01	1.629493592785462379e+09	5.197149999999999181e+02	5.121500000000000909e+02	5.297550000000000182e+03	5.347479999999999563e+03	2.389519999999999982e+03	1.386045000000000073e+03	1.721485000000000000e+06	1.651410000000000000e+06	1.088864999999999782e+03
9.436327875630306039e+01	1.629581627030173063e+09	5.190125000000000455e+02	5.121689999999999827e+02	5.317065000000000509e+03	5.356647500000000036e+03	2.391852499999999964e+03	1.386780000000000200e+03	1.725985000000000000e+06	1.656090000000000000e+06	1.093607500000000073e+03
9.573755461273763956e+01	1.629610943966575384e+09	5.173766666666666652e+02	5.120863333333333003e+02	5.322846666666667261e+03	5.358653333333332739e+03	2.392176666666666733e+03	1.387009999999999991e+03	1.727393333333333256e+06	1.657606666666666744e+06	1.095200000000000045e+03
9.699380500478871170e+01	1.629610888361334085e+09	5.192200000000000273e+02	5.121073333333332585e+02	5.322523333333333539e+03	5.358930000000000291e+03	2.392343333333333248e+03	1.386970000000000027e+03	1.727406666666666744e+06	1.657646666666666744e+06	1.094086666666666815e+03
9.841902441479605557e+01	1.629581377671064854e+09	5.185149999999999864e+02	5.116512500000000045e+02	5.315237500000000182e+03	5.354857500000000073e+03	2.391049999999999727e+03	1.386500000000000000e+03	1.334985000000000000e+06	1.274860000000000000e+06	1.091267499999999927e+03
9.991057354503466570e+01	1.629610740878484011e+09	5.187933333333332939e+02	5.115963333333332343e+02	5.321433333333333394e+03	5.356750000000000000e+03	2.391336666666666588e+03	1.386633333333333439e+03	1.203940000000000000e+06	1.149060000000000000e+06	1.092893333333333430e+03
1.009512523617072475e+02	1.629492817367377520e+09	5.178849999999999909e+02	5.113954999999999700e+02	5.297835000000000036e+03	5.346239999999999782e+03	2.387369999999999891e+03	1.385679999999999836e+03	1.330775000000000000e+06	1.650680000000000000e+06	1.085495000000000118e+03
1.019938454284662726e+02	1.629610611745582581e+09	5.192566666666666606e+02	5.115836666666666588e+02	5.321566666666666606e+03	5.356430000000000291e+03	2.390776666666666642e+03	1.386793333333333294e+03	1.727153333333333256e+06	1.657340000000000000e+06	1.091790000000000191e+03
1.033096480449222128e+02	1.629610556300207853e+09	5.162233333333332439e+02	5.115299999999999727e+02	5.320420000000000073e+03	5.356020000000000437e+03	2.390443333333333157e+03	1.386696666666666715e+03	1.727026666666666744e+06	1.657233333333333256e+06	1.090853333333333467e+03
1.048650230203922149e+02	1.629580976329436302e+09	5.185575000000000045e+02	5.113462499999999977e+02	5.314217499999999745e+03	5.352842500000000655e+03	2.389309999999999945e+03	1.386202499999999873e+03	1.725630000000000000e+06	1.655767500000000000e+06	1.088615000000000236e+03
1.064053745073764929e+02	1.629610408671546221e+09	5.154333333333332803e+02	5.113940000000000055e+02	5.319539999999999964e+03	5.354880000000000109e+03	2.390950000000000273e+03	1.386433333333333394e+03	1.727203333333333256e+06	1.657366666666666744e+06	1.089660000000000082e+03
1.077678814765583155e+02	1.629610353072550058e+09	5.174966666666665560e+02	5.113586666666666929e+02	5.319773333333333539e+03	5.353973333333332448e+03	2.390283333333333303e+03	1.386313333333333503e+03	1.727283333333333256e+06	1.657443333333333256e+06	1.088963333333333367e+03
1.089645283184693625e+02	1.629669411557751179e+09	5.156000000000000227e+02	5.113015000000000327e+02	5.329880000000000109e+03	5.357255000000000109e+03	2.391355000000000018e+03	1.386724999999999909e+03	1.730070000000000000e+06	1.660420000000000000e+06	1.091640000000000100e+03
1.100748792278403130e+02	1.629610279407476425e+09	5.182266666666665742e+02	5.110343333333333362e+02	5.318016666666666424e+03	5.353023333333333539e+03	2.390053333333333285e+03	1.386159999999999854e+03	1.727273333333333256e+06	1.657466666666666744e+06	1.087933333333333394e+03
1.114740774936427243e+02	1.629610224005137205e+09	5.169399999999999409e+02	5.109920000000000186e+02	5.318970000000000255e+03	5.352713333333333139e+03	2.388976666666666915e+03	1.386023333333333312e+03	1.727060000000000000e+06	1.657283333333333256e+06	1.087559999999999718e+03
1.128892284064747713e+02	1.629610168459068298e+09	5.177033333333333758e+02	5.109006666666666661e+02	5.318199999999999818e+03	5.351760000000000218e+03	2.388943333333333157e+03	1.385923333333333403e+03	1.726860000000000000e+06	1.657073333333333256e+06	1.087223333333333358e+03
1.140874763367845048e+02	1.629491709725127697e+09	5.169349999999999454e+02	5.107100000000000364e+02	5.298085000000000036e+03	5.344659999999999854e+03	2.385095000000000255e+03	1.385005000000000109e+03	1.721050000000000000e+06	1.651090000000000000e+06	1.080720000000000027e+03
1.153053491736349230e+02	1.629610039106667519e+09	5.167866666666667470e+02	5.108296666666666965e+02	5.318213333333333139e+03	5.350936666666665587e+03	2.388666666666666515e+03	1.386049999999999955e+03	1.726623333333333256e+06	1.656886666666666744e+06	1.086066666666666606e+03
1.164443920032606457e+02	1.629669245209265232e+09	5.151949999999999363e+02	5.107540000000000191e+02	5.326989999999999782e+03	5.355074999999999818e+03	2.390055000000000291e+03	1.386444999999999936e+03	1.729370000000000000e+06	1.659775000000000000e+06	1.088279999999999973e+03
1.177457505205059505e+02	1.629609965449242592e+09	5.145333333333333030e+02	5.106763333333333321e+02	5.316559999999999491e+03	5.350526666666665733e+03	2.388356666666666570e+03	1.385880000000000109e+03	1.726673333333333256e+06	1.656906666666666744e+06	1.085283333333333530e+03
1.192328614776318005e+02	1.629609910173188448e+09	5.171033333333333530e+02	5.107210000000000036e+02	5.317079999999999018e+03	5.349869999999999891e+03	2.388693333333333612e+03	1.385859999999999900e+03	1.726746666666666744e+06	1.656980000000000000e+06	1.084526666666666642e+03
1.204324223714122297e+02	1.629669189999454737e+09	5.156050000000000182e+02	5.105449999999999591e+02	5.325854999999999563e+03	5.352750000000000000e+03	2.389539999999999964e+03	1.386275000000000091e+03	1.729420000000000000e+06	1.659735000000000000e+06	1.087059999999999945e+03
1.216970605487991293e+02	1.629609836393997192e+09	5.167033333333333758e+02	5.104320000000000164e+02	5.314866666666666788e+03	5.348890000000000327e+03	2.387203333333333376e+03	1.385840000000000146e+03	1.726610000000000000e+06	1.656853333333333256e+06	1.083896666666666761e+03
1.231856240518273893e+02	1.629609781159317970e+09	5.149866666666666788e+02	5.103976666666666802e+02	5.315840000000000146e+03	5.349683333333333394e+03	2.387553333333333285e+03	1.385583333333333258e+03	1.726460000000000000e+06	1.656700000000000000e+06	1.082710000000000036e+03
1.243652924282129106e+02	1.629669134588317871e+09	5.142150000000000318e+02	5.105674999999999955e+02	5.324614999999999782e+03	5.350425000000000182e+03	2.389125000000000000e+03	1.385889999999999873e+03	1.729160000000000000e+06	1.659540000000000000e+06	1.085119999999999891e+03
1.256074679355964463e+02	1.629609707138310671e+09	5.153600000000000136e+02	5.102869999999999777e+02	5.314039999999999964e+03	5.348383333333334122e+03	2.387473333333333358e+03	1.385310000000000173e+03	1.726380000000000000e+06	1.656720000000000000e+06	1.082326666666666597e+03
1.270478981516201884e+02	1.629609651488804817e+09	5.150900000000000318e+02	5.102470000000000141e+02	5.314710000000000036e+03	5.347049999999999272e+03	2.387093333333333703e+03	1.385343333333333248e+03	1.726316666666666744e+06	1.656596666666666744e+06	1.081523333333333312e+03
1.283970610458697195e+02	1.629728561442892313e+09	5.150366666666667470e+02	5.102703333333333831e+02	5.331383333333333212e+03	5.351590000000000146e+03	2.390679999999999836e+03	1.386226666666666461e+03	1.731703333333333256e+06	1.662143333333333256e+06	1.086236666666666679e+03
1.296875091292451145e+02	1.629609596085366011e+09	5.157866666666667470e+02	5.100039999999999623e+02	5.313630000000000109e+03	5.347143333333333430e+03	2.386920000000000073e+03	1.385166666666666742e+03	1.726160000000000000e+06	1.656456666666666744e+06	1.080393333333333430e+03
1.310359997536400840e+02	1.629609540654194832e+09	5.143466666666666924e+02	5.100300000000000296e+02	5.313390000000000327e+03	5.346543333333333976e+03	2.386486666666666224e+03	1.385063333333333276e+03	1.726293333333333256e+06	1.656586666666666744e+06	1.080163333333333185e+03
1.323962490781197801e+02	1.629609485388658285e+09	5.159366666666666106e+02	5.098640000000000327e+02	5.313466666666667152e+03	5.346586666666666133e+03	2.386500000000000000e+03	1.385143333333333430e+03	1.726220000000000000e+06	1.656550000000000000e+06	1.079609999999999900e+03
1.334575058579193296e+02	1.629669023406134605e+09	5.161200000000000045e+02	5.100525000000000091e+02	5.320760000000000218e+03	5.347010000000000218e+03	2.388695000000000164e+03	1.385444999999999936e+03	1.728840000000000000e+06	1.659200000000000000e+06	1.081570000000000164e+03
1.348065393912933416e+02	1.629728635025046110e+09	5.179099999999999682e+02	5.099493333333332998e+02	5.327653333333332739e+03	5.348460000000000036e+03	2.389013333333333776e+03	1.385906666666666752e+03	1.731363333333333256e+06	1.661880000000000000e+06	1.082656666666666752e+03
1.361442423181737809e+02	1.629490160343828201e+09	5.147249999999999091e+02	5.094470000000000027e+02	5.297829999999999927e+03	5.342255000000000109e+03	2.382670000000000073e+03	1.384049999999999955e+03	1.720580000000000000e+06	1.650825000000000000e+06	1.074105000000000018e+03
1.374664554528509370e+02	1.629668995349828959e+09	5.159750000000000227e+02	5.097685000000000173e+02	5.319164999999999964e+03	5.346335000000000036e+03	2.387675000000000182e+03	1.385360000000000127e+03	1.728540000000000000e+06	1.658950000000000000e+06	1.080440000000000055e+03
1.386243469856618162e+02	1.629847968675882339e+09	5.142000000000000455e+02	5.104019999999999868e+02	5.340100000000000364e+03	5.350300000000000182e+03	2.391739999999999782e+03	1.386440000000000055e+03	1.736390000000000000e+06	1.667060000000000000e+06	1.085880000000000109e+03
1.402405634009927837e+02	1.629609337562771797e+09	5.173600000000000136e+02	5.096140000000000327e+02	5.310843333333333248e+03	5.344683333333333394e+03	2.385506666666666661e+03	1.384896666666666761e+03	1.725710000000000000e+06	1.656110000000000000e+06	1.077273333333333312e+03
1.416576685056908218e+02	1.629668995263975620e+09	5.174600000000000364e+02	5.097024999999999864e+02	5.318309999999999491e+03	5.344594999999999345e+03	2.387329999999999927e+03	1.385160000000000309e+03	1.728220000000000000e+06	1.658740000000000000e+06	1.079365000000000009e+03
1.427429490677887998e+02	1.629668995270953178e+09	5.166449999999999818e+02	5.096430000000000291e+02	5.317210000000000036e+03	5.344720000000000255e+03	2.387119999999999891e+03	1.385045000000000073e+03	1.728160000000000000e+06	1.658575000000000000e+06	1.079039999999999964e+03
1.438347799401696250e+02	1.629668995327897072e+09	5.145550000000000637e+02	5.096184999999999832e+02	5.318039999999999964e+03	5.344414999999999964e+03	2.386994999999999891e+03	1.385090000000000146e+03	1.728075000000000000e+06	1.658560000000000000e+06	1.078784999999999854e+03
1.452299040221002997e+02	1.629609227021784782e+09	5.152400000000001228e+02	5.092993333333333226e+02	5.310376666666667006e+03	5.342800000000000182e+03	2.385523333333333085e+03	1.384596666666666579e+03	1.725483333333333256e+06	1.655913333333333256e+06	1.075850000000000136e+03
1.467965804207742622e+02	1.629728763625050783e+09	5.148566666666666833e+02	5.095419999999999732e+02	5.323203333333333831e+03	5.344590000000000146e+03	2.388326666666666824e+03	1.385269999999999754e+03	1.730633333333333256e+06	1.661133333333333256e+06	1.079406666666666752e+03
1.481984564236142887e+02	1.629668995143964767e+09	5.146749999999999545e+02	5.094619999999999891e+02	5.316335000000000036e+03	5.342600000000000364e+03	2.386974999999999909e+03	1.384934999999999945e+03	1.728040000000000000e+06	1.658530000000000000e+06	1.077250000000000000e+03
1.492923254251537912e+02	1.629668995202047348e+09	5.151449999999999818e+02	5.093959999999999582e+02	5.314930000000000291e+03	5.342274999999999636e+03	2.385935000000000400e+03	1.384940000000000055e+03	1.728020000000000000e+06	1.658510000000000000e+06	1.077409999999999854e+03
1.506709642163103808e+02	1.629609134438386917e+09	5.146999999999999318e+02	5.092450000000000614e+02	5.309256666666667115e+03	5.341443333333333612e+03	2.385250000000000000e+03	1.384426666666666506e+03	1.725450000000000000e+06	1.655946666666666744e+06	1.074930000000000064e+03
1.520397017430018423e+02	1.629668967553953409e+09	5.154600000000000364e+02	5.093745000000000118e+02	5.314649999999999636e+03	5.341815000000000509e+03	2.386640000000000327e+03	1.384734999999999900e+03	1.727830000000000000e+06	1.658350000000000000e+06	1.076654999999999973e+03
1.531437480184430342e+02	1.629668967636453152e+09	5.147049999999999272e+02	5.092390000000000327e+02	5.314235000000000582e+03	5.340950000000000728e+03	2.386309999999999945e+03	1.384704999999999927e+03	1.727720000000000000e+06	1.658295000000000000e+06	1.075500000000000000e+03
1.544930137270544321e+02	1.629728892770534277e+09	5.145633333333333894e+02	5.094256666666667002e+02	5.319609999999999673e+03	5.341706666666666024e+03	2.387163333333333412e+03	1.385113333333333458e+03	1.730130000000000000e+06	1.660770000000000000e+06	1.077740000000000009e+03
1.558895630498176956e+02	1.629668995126661539e+09	5.150899999999999181e+02	5.091634999999999991e+02	5.313050000000000182e+03	5.340514999999999418e+03	2.385940000000000055e+03	1.384664999999999964e+03	1.727525000000000000e+06	1.658160000000000000e+06	1.075275000000000091e+03
1.569943700839378380e+02	1.629668994926738262e+09	5.137799999999999727e+02	5.092400000000000091e+02	5.313569999999999709e+03	5.339850000000000364e+03	2.385574999999999818e+03	1.384694999999999936e+03	1.727510000000000000e+06	1.658110000000000000e+06	1.074674999999999955e+03
1.581018151257567581e+02	1.629668994781686544e+09	5.142950000000000728e+02	5.092585000000000264e+02	5.313364999999999782e+03	5.341460000000000036e+03	2.385625000000000000e+03	1.384519999999999982e+03	1.727350000000000000e+06	1.657950000000000000e+06	1.074494999999999891e+03
1.595431961482426573e+02	1.629729002686409235e+09	5.129833333333333485e+02	5.092713333333333026e+02	5.318609999999999673e+03	5.340773333333333539e+03	2.386953333333333376e+03	1.385043333333333294e+03	1.729793333333333256e+06	1.660420000000000000e+06	1.076193333333333385e+03
1.611090630979979323e+02	1.629608986801385641e+09	5.141966666666667152e+02	5.088906666666666752e+02	5.306369999999999891e+03	5.339400000000000546e+03	2.384256666666666661e+03	1.384100000000000136e+03	1.724823333333333256e+06	1.655436666666666744e+06	1.072640000000000100e+03
1.625686764149072872e+02	1.629668994553998232e+09	5.158650000000000091e+02	5.089925000000000068e+02	5.311860000000000582e+03	5.339590000000000146e+03	2.384949999999999818e+03	1.384429999999999836e+03	1.727340000000000000e+06	1.657945000000000000e+06	1.073590000000000146e+03
1.638853366394719728e+02	1.629729076046230316e+09	5.129866666666666788e+02	5.091779999999999404e+02	5.316366666666667697e+03	5.338596666666667261e+03	2.386296666666666624e+03	1.384903333333333421e+03	1.729643333333333256e+06	1.660310000000000000e+06	1.074826666666666597e+03
1.653217909515198869e+02	1.629669021752851486e+09	5.103700000000000045e+02	5.090219999999999914e+02	5.309684999999999491e+03	5.337840000000000146e+03	2.384470000000000255e+03	1.384405000000000200e+03	1.727215000000000000e+06	1.657815000000000000e+06	1.072264999999999873e+03
1.664545823111182017e+02	1.629669021627995968e+09	5.164149999999999636e+02	5.090364999999999895e+02	5.311020000000000437e+03	5.339219999999999345e+03	2.384519999999999982e+03	1.384515000000000100e+03	1.727195000000000000e+06	1.657840000000000000e+06	1.072134999999999991e+03
1.677926209524581225e+02	1.629729167670231581e+09	5.121666666666666288e+02	5.090406666666665956e+02	5.315313333333333503e+03	5.338143333333333430e+03	2.386223333333333358e+03	1.384813333333333276e+03	1.729496666666666744e+06	1.660143333333333256e+06	1.073473333333333358e+03
1.692135220391329824e+02	1.629669049413694859e+09	5.142400000000000091e+02	5.087909999999999968e+02	5.309280000000000655e+03	5.337655000000000655e+03	2.384470000000000255e+03	1.384349999999999909e+03	1.727100000000000000e+06	1.657785000000000000e+06	1.072490000000000009e+03
1.703536515568093535e+02	1.629669049593978882e+09	5.125750000000000455e+02	5.088240000000000123e+02	5.309444999999999709e+03	5.337694999999999709e+03	2.384534999999999854e+03	1.384409999999999854e+03	1.726985000000000000e+06	1.657675000000000000e+06	1.071599999999999909e+03
1.716647668015779118e+02	1.629729259727425575e+09	5.124199999999999591e+02	5.089743333333333339e+02	5.313646666666666533e+03	5.336360000000000582e+03	2.385736666666666224e+03	1.384663333333333185e+03	1.729200000000000000e+06	1.659896666666666744e+06	1.072269999999999754e+03
1.731008941548844859e+02	1.629669077002206802e+09	5.110849999999999795e+02	5.086605000000000132e+02	5.308369999999999891e+03	5.336065000000000509e+03	2.383974999999999909e+03	1.384304999999999836e+03	1.726840000000000000e+06	1.657485000000000000e+06	1.071515000000000100e+03
1.742497461249882349e+02	1.629669076963322639e+09	5.132300000000000182e+02	5.086699999999999591e+02	5.308885000000000218e+03	5.336774999999999636e+03	2.384519999999999982e+03	1.384269999999999982e+03	1.726760000000000000e+06	1.657515000000000000e+06	1.070829999999999927e+03
1.754938923830096940e+02	1.629729351441765070e+09	5.141766666666666197e+02	5.089333333333333371e+02	5.311816666666666606e+03	5.336383333333333212e+03	2.384870000000000346e+03	1.384569999999999936e+03	1.728903333333333256e+06	1.659666666666666744e+06	1.071923333333333176e+03
1.765885894667760851e+02	1.629849955767735004e+09	5.130299999999999727e+02	5.092259999999999991e+02	5.319100000000000364e+03	5.335800000000000182e+03	2.386260000000000218e+03	1.385440000000000055e+03	1.733470000000000000e+06	1.664150000000000000e+06	1.073460000000000036e+03
1.777583224933656254e+02	1.629729443487564087e+09	5.124900000000001228e+02	5.089020000000000437e+02	5.311433333333333394e+03	5.336199999999999818e+03	2.384693333333333157e+03	1.384446666666666715e+03	1.728723333333333256e+06	1.659506666666666744e+06	1.071740000000000009e+03
1.790434812923683694e+02	1.629669159815231323e+09	5.097100000000000364e+02	5.085230000000000246e+02	5.307450000000000728e+03	5.336085000000000036e+03	2.383895000000000437e+03	1.383990000000000009e+03	1.726325000000000000e+06	1.657170000000000000e+06	1.069825000000000045e+03
1.804679612163073443e+02	1.629729517175135374e+09	5.135000000000000000e+02	5.087130000000000223e+02	5.311009999999999309e+03	5.334693333333333612e+03	2.384203333333333376e+03	1.384416666666666742e+03	1.728546666666666744e+06	1.659300000000000000e+06	1.070636666666666542e+03
1.817895107510456683e+02	1.629669187005890608e+09	5.125850000000000364e+02	5.083350000000000364e+02	5.306899999999999636e+03	5.335250000000000000e+03	2.383045000000000073e+03	1.384090000000000146e+03	1.726190000000000000e+06	1.656995000000000000e+06	1.069400000000000091e+03
1.831499376094926674e+02	1.629729590566238165e+09	5.137533333333334440e+02	5.085996666666666783e+02	5.308913333333333867e+03	5.334193333333333612e+03	2.383803333333333285e+03	1.384140000000000100e+03	1.466086666666666744e+06	1.405443333333333256e+06	1.070136666666666542e+03
1.845432932992161454e+02	1.629669214672827244e+09	5.145350000000000819e+02	5.084039999999999964e+02	5.304444999999999709e+03	5.335295000000000073e+03	2.383010000000000218e+03	1.383250000000000000e+03	1.336560000000000000e+06	1.276865000000000000e+06	1.068730000000000018e+03
1.858279557101526223e+02	1.629729664333732367e+09	5.140566666666667288e+02	5.084813333333333389e+02	5.307390000000000327e+03	5.333803333333333285e+03	2.384606666666666570e+03	1.383863333333333458e+03	1.467983333333333256e+06	1.405233333333333256e+06	1.069950000000000045e+03
1.874254817716980313e+02	1.629729719368609667e+09	5.107533333333333303e+02	5.084690000000000509e+02	5.306603333333333467e+03	5.334330000000000837e+03	2.383303333333333740e+03	1.383689999999999827e+03	1.468180000000000000e+06	1.404820000000000000e+06	1.069453333333333148e+03
1.884800829109420590e+02	1.629850728714237452e+09	5.113000000000000114e+02	5.088509999999999991e+02	5.313029999999999745e+03	5.332500000000000000e+03	2.383849999999999909e+03	1.384569999999999936e+03	1.730810000000000000e+06	1.661650000000000000e+06	1.071589999999999918e+03
1.895455692878470018e+02	1.629729811166783571e+09	5.098433333333333053e+02	5.083696666666666601e+02	5.305926666666666279e+03	5.333656666666666752e+03	2.383453333333333376e+03	1.383553333333333285e+03	1.467196666666666744e+06	1.403576666666666744e+06	1.069000000000000000e+03
1.911156063045111466e+02	1.629729866114562988e+09	5.109666666666666970e+02	5.084473333333333471e+02	5.304746666666666897e+03	5.333210000000000036e+03	2.383750000000000000e+03	1.383523333333333312e+03	1.466486666666666744e+06	1.403650000000000000e+06	1.068493333333333339e+03
1.924318286431189620e+02	1.629669352243277550e+09	5.087350000000000136e+02	5.081399999999999864e+02	5.302545000000000073e+03	5.331914999999999964e+03	2.382775000000000091e+03	1.382974999999999909e+03	1.334665000000000000e+06	1.274685000000000000e+06	1.066860000000000127e+03
1.937259567588632478e+02	1.629729939463012934e+09	5.096600000000000250e+02	5.083243333333332998e+02	5.305096666666666351e+03	5.331366666666665878e+03	2.383043333333333067e+03	1.383670000000000073e+03	1.465900000000000000e+06	1.403240000000000000e+06	1.068306666666666615e+03
1.950689421317580639e+02	1.629851197144433022e+09	5.131949999999999363e+02	5.088864999999999554e+02	5.309284999999999854e+03	5.331449999999999818e+03	2.383815000000000055e+03	1.384440000000000055e+03	1.728615000000000000e+06	1.659715000000000000e+06	1.069389999999999873e+03
1.962648140926700364e+02	1.629730067962235689e+09	5.124466666666666015e+02	5.082143333333333430e+02	5.304269999999999527e+03	5.330740000000000691e+03	2.383203333333333376e+03	1.383566666666666606e+03	1.465843333333333256e+06	1.403243333333333256e+06	1.067543333333333294e+03
1.974986992581450522e+02	1.629669462125109434e+09	5.104250000000000114e+02	5.080319999999999823e+02	5.301610000000000582e+03	5.331645000000000437e+03	2.384704999999999927e+03	1.383190000000000055e+03	1.334260000000000000e+06	1.274580000000000000e+06	1.066644999999999982e+03
1.988315951153213916e+02	1.629730141113509417e+09	5.112799999999999727e+02	5.081970000000000596e+02	5.303376666666666097e+03	5.331056666666666388e+03	2.384053333333333285e+03	1.383543333333333294e+03	1.465913333333333256e+06	1.402680000000000000e+06	1.067026666666666642e+03
2.003459708670756356e+02	1.629730196108752489e+09	5.108266666666666538e+02	5.082806666666666047e+02	5.302923333333333176e+03	5.329789999999999964e+03	2.383313333333333503e+03	1.383623333333333221e+03	1.465766666666666744e+06	1.402706666666666744e+06	1.067039999999999964e+03
2.015540977616344378e+02	1.629851692391763687e+09	5.115450000000000159e+02	5.086014999999999873e+02	5.306625000000000000e+03	5.329200000000000728e+03	2.383140000000000327e+03	1.384220000000000255e+03	1.728195000000000000e+06	1.659360000000000000e+06	1.069014999999999873e+03
2.027713301793432947e+02	1.629730324405466795e+09	5.114166666666666856e+02	5.080479999999999450e+02	5.302270000000000437e+03	5.329289999999999964e+03	2.383026666666666642e+03	1.383643333333333430e+03	1.465133333333333256e+06	1.403163333333333256e+06	1.066390000000000100e+03
2.042542602621773540e+02	1.629730379400931597e+09	5.130500000000000682e+02	5.081890000000000214e+02	5.302199999999999818e+03	5.326946666666666715e+03	2.383473333333333358e+03	1.383603333333333239e+03	1.465380000000000000e+06	1.402880000000000000e+06	1.066200000000000045e+03
2.057332950711876265e+02	1.629730434225741386e+09	5.120700000000000500e+02	5.081220000000000141e+02	5.302153333333332739e+03	5.326713333333333139e+03	2.383583333333333485e+03	1.383546666666666397e+03	1.464676666666666744e+06	1.402996666666666744e+06	1.065846666666666579e+03
2.069202305025106057e+02	1.629852132555857182e+09	5.142699999999999818e+02	5.085769999999999982e+02	5.305024999999999636e+03	5.325204999999999927e+03	2.383265000000000327e+03	1.383949999999999818e+03	1.727935000000000000e+06	1.659140000000000000e+06	1.066845000000000027e+03
2.080582112755180617e+02	1.629730562690291643e+09	5.118533333333332962e+02	5.081306666666666843e+02	5.302050000000000182e+03	5.326329999999999927e+03	2.382599999999999909e+03	1.383480000000000246e+03	1.464920000000000000e+06	1.403043333333333256e+06	1.065186666666666497e+03
2.095074976921618202e+02	1.629730617558780432e+09	5.132333333333333485e+02	5.080169999999999959e+02	5.300996666666666897e+03	5.325569999999999709e+03	2.382179999999999836e+03	1.383503333333333330e+03	1.465406666666666744e+06	1.402753333333333256e+06	1.064816666666666833e+03
2.107172629359954499e+02	1.629852462874794483e+09	5.145499999999999545e+02	5.085900000000000318e+02	5.303454999999999927e+03	5.324350000000000364e+03	2.383199999999999818e+03	1.384039999999999964e+03	1.727975000000000000e+06	1.659270000000000000e+06	1.066199999999999818e+03
2.117730051697137981e+02	1.629730746121465683e+09	5.094399999999999977e+02	5.079026666666666756e+02	5.300493333333332885e+03	5.325230000000000473e+03	2.382789999999999964e+03	1.383403333333333421e+03	1.465416666666666744e+06	1.403163333333333256e+06	1.064943333333333385e+03
2.131993725559385666e+02	1.629730801058929205e+09	5.096999999999999886e+02	5.081413333333333071e+02	5.299853333333333467e+03	5.325333333333333030e+03	2.382043333333333521e+03	1.383783333333333530e+03	1.465416666666666744e+06	1.402946666666666744e+06	1.064933333333333394e+03
2.143364719847413369e+02	1.629852792998169899e+09	5.116500000000000341e+02	5.084445000000000050e+02	5.303539999999999964e+03	5.323635000000000218e+03	2.381735000000000127e+03	1.383710000000000036e+03	1.726860000000000000e+06	1.658165000000000000e+06	1.065960000000000036e+03
2.156444792465154592e+02	1.629761443185243607e+09	5.117425000000000637e+02	5.081079999999999472e+02	5.299627500000000509e+03	5.324094999999999345e+03	2.382262500000000273e+03	1.383675000000000182e+03	1.723307500000000000e+06	1.654885000000000000e+06	1.065012500000000045e+03
2.171902684755648352e+02	1.629731020428953171e+09	5.116000000000000796e+02	5.081076666666667165e+02	5.298700000000000728e+03	5.324766666666666424e+03	2.382043333333333521e+03	1.383536666666666633e+03	1.722150000000000000e+06	1.653870000000000000e+06	1.063873333333333221e+03
2.185885345646268263e+02	1.629731075544366598e+09	5.093933333333332598e+02	5.079103333333333126e+02	5.298640000000000327e+03	5.324340000000000146e+03	2.381690000000000055e+03	1.383483333333333348e+03	1.721963333333333256e+06	1.653760000000000000e+06	1.064316666666666606e+03
2.197218419108097578e+02	1.629853315524047852e+09	5.117433333333333394e+02	5.084173333333333176e+02	5.301119999999999891e+03	5.322686666666666497e+03	2.381806666666666843e+03	1.383786666666666861e+03	1.723860000000000000e+06	1.655583333333333256e+06	1.065596666666666579e+03
2.210661077638080769e+02	1.629731240248392105e+09	5.096433333333333735e+02	5.081000000000000796e+02	5.298813333333333503e+03	5.323836666666666133e+03	2.381586666666666588e+03	1.383500000000000000e+03	1.721756666666666744e+06	1.653656666666666744e+06	1.063653333333333421e+03
2.224018400993450086e+02	1.629853590321266174e+09	5.124766666666665742e+02	5.083829999999999814e+02	5.300173333333333176e+03	5.321936666666667406e+03	2.381640000000000327e+03	1.383906666666666752e+03	1.723666666666666744e+06	1.655546666666666744e+06	1.064596666666666579e+03
2.234910049429519461e+02	1.629731405289493322e+09	5.108966666666667038e+02	5.079766666666666879e+02	5.297230000000000473e+03	5.323723333333334267e+03	2.381476666666666915e+03	1.383609999999999900e+03	1.721673333333333256e+06	1.653660000000000000e+06	1.063506666666666661e+03
2.250093138240710857e+02	1.629762075034898758e+09	5.118299999999999272e+02	5.079495000000000005e+02	5.298045000000000073e+03	5.323117500000000291e+03	2.381317500000000109e+03	1.383432500000000118e+03	1.722200000000000000e+06	1.654257500000000000e+06	1.063447499999999991e+03
2.262339260875530726e+02	1.629854002327733517e+09	5.106500000000000341e+02	5.082145000000000437e+02	5.298149999999999636e+03	5.322059999999999491e+03	2.381025000000000091e+03	1.383964999999999918e+03	1.723840000000000000e+06	1.655895000000000000e+06	1.064269999999999982e+03
2.273804349978300650e+02	1.629762267167491198e+09	5.132649999999999864e+02	5.078619999999999663e+02	5.297860000000000582e+03	5.321744999999999891e+03	2.381087500000000091e+03	1.383602499999999964e+03	1.722200000000000000e+06	1.654275000000000000e+06	1.063422499999999900e+03
2.289824467201665357e+02	1.629762376834499359e+09	5.137174999999999727e+02	5.079194999999999709e+02	5.296850000000000364e+03	5.322534999999999854e+03	2.381007499999999709e+03	1.383539999999999964e+03	1.721685000000000000e+06	1.654327500000000000e+06	1.063079999999999927e+03
2.303078572748130171e+02	1.629854468895497084e+09	5.116000000000000796e+02	5.082789999999999964e+02	5.297356666666666570e+03	5.321133333333334122e+03	2.381656666666666297e+03	1.383796666666666397e+03	1.723726666666666744e+06	1.655886666666666744e+06	1.063559999999999945e+03
2.315989119672311745e+02	1.629762610031374693e+09	5.116850000000000023e+02	5.078925000000000409e+02	5.296397499999999127e+03	5.322250000000000000e+03	2.380784999999999854e+03	1.383589999999999918e+03	1.721472500000000000e+06	1.654280000000000000e+06	1.062882499999999936e+03
2.328087208551266372e+02	1.629854770827152014e+09	5.098650000000000091e+02	5.081374999999999886e+02	5.297940000000000509e+03	5.321120000000000800e+03	2.380860000000000127e+03	1.383735000000000127e+03	1.723955000000000000e+06	1.656265000000000000e+06	1.062409999999999854e+03
2.338093938684755528e+02	1.629762802090606451e+09	5.104875000000000682e+02	5.079210000000000491e+02	5.295602499999999964e+03	5.321942500000000109e+03	2.380414999999999964e+03	1.383474999999999909e+03	1.721437500000000000e+06	1.654320000000000000e+06	1.062789999999999964e+03
2.354746926951626449e+02	1.629781366168559074e+09	5.115940000000000509e+02	5.079329999999999927e+02	5.296474000000000160e+03	5.321316000000000713e+03	2.380475999999999658e+03	1.383425999999999931e+03	1.721120000000000000e+06	1.653964000000000000e+06	1.062823999999999842e+03
2.368994932400721325e+02	1.629855292833644867e+09	5.117699999999999818e+02	5.081510000000000105e+02	5.296939999999999600e+03	5.320349999999999454e+03	2.380880000000000109e+03	1.383406666666666752e+03	1.720956666666666744e+06	1.653536666666666744e+06	1.062423333333333176e+03
2.380711677232152965e+02	1.629763186751394749e+09	5.124800000000000182e+02	5.079637499999999477e+02	5.295112500000000182e+03	5.320984999999999673e+03	2.380667500000000018e+03	1.383372499999999945e+03	1.718357500000000000e+06	1.651665000000000000e+06	1.062117500000000064e+03
2.393334795426478365e+02	1.629855622534323692e+09	5.125166666666667652e+02	5.080166666666667084e+02	5.295793333333333976e+03	5.319693333333333612e+03	2.380323333333333267e+03	1.383506666666666433e+03	1.719810000000000000e+06	1.652620000000000000e+06	1.062826666666666597e+03
2.405854011028970376e+02	1.629781915869862556e+09	5.121040000000000418e+02	5.077966000000000122e+02	5.295077999999999520e+03	5.320086000000000240e+03	2.379903999999999542e+03	1.383349999999999909e+03	1.718538000000000000e+06	1.651780000000000000e+06	1.061799999999999955e+03
2.421492793538541264e+02	1.629763571226002216e+09	5.114474999999999909e+02	5.078269999999999982e+02	5.294390000000000327e+03	5.320147500000000036e+03	2.380047499999999673e+03	1.383360000000000127e+03	1.718145000000000000e+06	1.651605000000000000e+06	1.061995000000000118e+03
2.433257625083942912e+02	1.629856200021950722e+09	5.148125000000000000e+02	5.080822499999999877e+02	5.295602499999999964e+03	5.319500000000000000e+03	2.380834999999999582e+03	1.383492500000000064e+03	1.720152500000000000e+06	1.653090000000000000e+06	1.062042500000000018e+03
2.446459076866520945e+02	1.629763846155487776e+09	5.115974999999999682e+02	5.077582499999999754e+02	5.294717499999999745e+03	5.319630000000000109e+03	2.379594999999999800e+03	1.383175000000000182e+03	1.718385000000000000e+06	1.651932500000000000e+06	1.061392499999999927e+03
2.458132202517793701e+02	1.629856585186020851e+09	5.127474999999999454e+02	5.079557500000000232e+02	5.294734999999999673e+03	5.319114999999999782e+03	2.379925000000000182e+03	1.383257499999999936e+03	1.720457500000000000e+06	1.653447500000000000e+06	1.061887499999999818e+03
2.471748065689926648e+02	1.629782674761006117e+09	5.141059999999999945e+02	5.077516000000000531e+02	5.294264000000000124e+03	5.319109999999999673e+03	2.380099999999999909e+03	1.383175999999999931e+03	1.565758000000000000e+06	1.501952000000000000e+06	1.061339999999999918e+03
2.484963857322221656e+02	1.629857025971276522e+09	5.116299999999999955e+02	5.079099999999999682e+02	5.294625000000000000e+03	5.319100000000000364e+03	2.379827499999999873e+03	1.383195000000000164e+03	1.720692500000000000e+06	1.653780000000000000e+06	1.061672499999999900e+03
2.497335317980711693e+02	1.629783016200018406e+09	5.139759999999999991e+02	5.077355999999999767e+02	5.294043999999999869e+03	5.318296000000000276e+03	2.379867999999999938e+03	1.383077999999999975e+03	1.564360000000000000e+06	1.501164000000000000e+06	1.061348000000000184e+03
2.510057393719330321e+02	1.629857466315269709e+09	5.133349999999999227e+02	5.078870000000000005e+02	5.294147500000000036e+03	5.318212499999999636e+03	2.379592499999999745e+03	1.383150000000000091e+03	1.718717500000000000e+06	1.651915000000000000e+06	1.061247499999999945e+03
2.522895361098811691e+02	1.629795768426310539e+09	5.126083333333333485e+02	5.077701666666666824e+02	5.293554999999999382e+03	5.318795000000000982e+03	2.379625000000000000e+03	1.383274999999999864e+03	1.716870000000000000e+06	1.650201666666666744e+06	1.060638333333333321e+03
2.537782568039333455e+02	1.629857989461452723e+09	5.152680000000000291e+02	5.077952000000000226e+02	5.293435999999999694e+03	5.318203999999999724e+03	2.379612000000000080e+03	1.383138000000000147e+03	1.717258000000000000e+06	1.650632000000000000e+06	1.061093999999999824e+03
2.549172332045688165e+02	1.629783787063998699e+09	5.134799999999999045e+02	5.076511999999999603e+02	5.293089999999999236e+03	5.318007999999999811e+03	2.379293999999999869e+03	1.383225999999999885e+03	1.716760000000000000e+06	1.650188000000000000e+06	1.060554000000000087e+03
2.562213544654202906e+02	1.629858485569003820e+09	5.145579999999999927e+02	5.077902000000000271e+02	5.293915999999999258e+03	5.317061999999999898e+03	2.379367999999999938e+03	1.383183999999999969e+03	1.717706000000000000e+06	1.651134000000000000e+06	1.060599999999999909e+03
2.575394063555688717e+02	1.629805523185846090e+09	5.126085714285712811e+02	5.077162857142857888e+02	5.293147142857143081e+03	5.317977142857142098e+03	2.379085714285713948e+03	1.383024285714285725e+03	1.717465714285714319e+06	1.650904285714285681e+06	1.060315714285714193e+03
2.589768676830131540e+02	1.629859092194677114e+09	5.152580000000000382e+02	5.077862000000000080e+02	5.292576000000000022e+03	5.317448000000000320e+03	2.379367999999999938e+03	1.383128000000000156e+03	1.718488000000000000e+06	1.651876000000000000e+06	1.060393999999999778e+03
2.601713943105385169e+02	1.629806034918996096e+09	5.133942857142857292e+02	5.077128571428571604e+02	5.292670000000000073e+03	5.318187142857142135e+03	2.379071428571428442e+03	1.383018571428571477e+03	1.717438571428571362e+06	1.650881428571428638e+06	1.060375714285714366e+03
2.615918709590812341e+02	1.629859726218668938e+09	5.141333333333333258e+02	5.077518333333333089e+02	5.292784999999999854e+03	5.317786666666666861e+03	2.378793333333333067e+03	1.383086666666666360e+03	1.715871666666666744e+06	1.649423333333333256e+06	1.060351666666666688e+03
2.628637997307413912e+02	1.629860057409590721e+09	5.142933333333332939e+02	5.078516666666666310e+02	5.292586666666667043e+03	5.317409999999999854e+03	2.378576666666666370e+03	1.383011666666666542e+03	1.715541666666666744e+06	1.649110000000000000e+06	1.060455000000000155e+03
2.641753839690662744e+02	1.629860416661502600e+09	5.130385714285714585e+02	5.076882857142857688e+02	5.291994285714285979e+03	5.317854285714284742e+03	2.378557142857142935e+03	1.383030000000000200e+03	1.716208571428571362e+06	1.649770000000000000e+06	1.060370000000000118e+03
2.655113441005720460e+02	1.629860802855296850e+09	5.133871428571428623e+02	5.077395714285713666e+02	5.292701428571429460e+03	5.317584285714286125e+03	2.378875714285714366e+03	1.382984285714285534e+03	1.716868571428571362e+06	1.650427142857142957e+06	1.060034285714285716e+03
2.667724135775558238e+02	1.629861188830235720e+09	5.134871428571428851e+02	5.077349999999999568e+02	5.292837142857142680e+03	5.316698571428571086e+03	2.378744285714285979e+03	1.383181428571428341e+03	1.717511428571428638e+06	1.651041428571428638e+06	1.060114285714285643e+03
2.680479023441052959e+02	1.629861602523103952e+09	5.131937500000000227e+02	5.077113750000000323e+02	5.292015000000000327e+03	5.316678749999999127e+03	2.378777500000000146e+03	1.383045000000000073e+03	1.715693750000000000e+06	1.649282500000000000e+06	1.060061249999999973e+03
2.693328752284319307e+02	1.629862044087011814e+09	5.129387500000000273e+02	5.076603749999999877e+02	5.292356250000000728e+03	5.316751249999999345e+03	2.378808750000000146e+03	1.383110000000000127e+03	1.714783750000000000e+06	1.648417500000000000e+06	1.060278749999999945e+03
